200 2.016448
200 1.892710
200 1.853881
200 1.906329
200 1.964465
200 1.926586
200 1.828786
200 1.925505
200 1.882109
200 1.878399
200 1.882154
200 1.971076
200 1.820945
200 1.928813
200 1.929359
200 1.928932
200 1.929840
200 1.928328
200 1.924259
200 1.845175
200 1.973402
200 1.942718
200 1.947918
200 1.930783
200 1.817247
200 1.846474
200 1.837977
200 1.851107
200 1.895833
200 1.821968
200 1.815016
200 2.035456
200 1.926172
200 1.928602
200 2.010357
200 1.954356
200 1.815085
200 1.939104
200 1.811551
200 1.839719
200 1.894472
200 1.858429
200 1.929777
200 1.928333
200 1.825341
200 1.841477
200 1.913203
200 1.811362
200 1.895001
200 1.947816
200 1.833109
200 1.848834
200 1.927043
200 1.930024
200 1.927026
200 1.936421
200 1.921597
200 1.975139
200 1.883645
200 1.947213
200 1.818519
200 1.856429
200 1.877325
200 1.925946
200 1.928691
200 1.830257
200 1.925778
200 1.849152
200 1.916867
200 1.916088
200 1.825451
200 1.934920
200 1.924892
200 1.826258
200 1.892810
200 1.856323
200 1.840772
200 1.913249
200 1.815322
200 1.841659
200 1.947012
200 1.907557
200 1.928326
200 1.933108
200 1.926058
200 1.931216
200 1.928741
200 1.929730
200 1.926669
200 1.926128
200 1.929161
200 2.029906
200 1.928346
200 1.827687
