200 0.295984
200 0.287318
200 0.289177
200 0.297573
200 0.289178
200 0.297305
200 0.584045
200 0.449181
200 0.523379
200 0.527732
200 0.521163
200 0.522138
200 0.526380
200 0.302740
200 0.287967
200 0.294721
200 0.298641
200 0.285097
200 0.332387
200 0.296078
200 0.291031
200 0.295928
200 0.289658
200 0.285776
200 0.289267
200 0.282636
200 0.289686
200 0.295551
200 0.288073
200 0.290446
200 0.292929
200 0.291549
200 0.301846
200 0.297713
200 0.295724
200 0.290342
200 0.290774
200 0.310287
200 0.340819
200 0.305745
200 0.306981
200 0.350188
200 0.287213
200 0.327144
200 0.325869
200 0.312508
200 0.300954
200 0.310554
200 0.299997
200 0.327466
200 0.359956
200 0.294551
200 0.339168
200 0.294658
200 0.286282
200 0.297901
200 0.295699
200 0.327533
200 0.340656
200 0.361976
200 0.310347
200 0.347954
200 0.323368
200 0.313733
200 0.307662
200 0.301635
200 0.367500
200 0.314932
200 0.336641
200 0.460553
200 0.312329
200 0.310254
200 0.300040
200 0.345441
200 0.352568
200 0.334741
200 0.476336
200 0.381563
200 0.407757
200 0.362420
200 0.413750
200 0.323347
200 0.377703
200 0.298705
200 0.296264
200 0.283570
200 0.295702
200 0.290248
200 0.289393
200 0.284457
200 0.291906
200 0.290814
200 0.287061
200 0.298099
200 0.291390
200 0.282261
200 0.292202
200 0.298183
200 0.285368
200 0.281689
