200 0.297998
200 0.284146
200 0.283138
200 0.310226
200 0.354177
200 0.308053
200 0.287497
200 0.295505
200 0.386243
200 0.293380
200 0.291377
200 0.286270
200 0.334416
200 0.293921
200 0.292051
200 0.290702
200 0.648883
200 0.292459
200 0.745723
200 0.296898
200 0.300928
200 0.300292
200 0.298875
200 0.308279
200 0.308090
200 0.288606
200 0.279818
200 0.296769
200 0.355988
200 0.289235
200 0.284358
200 0.328310
200 0.298041
200 0.285040
200 0.285536
200 0.288403
200 0.286879
200 0.291300
200 0.290585
200 0.380703
200 0.405816
200 0.289599
200 0.299215
200 0.322271
200 0.287184
200 0.283432
200 0.291438
200 0.293901
200 0.288652
200 0.287721
200 0.284526
200 0.357209
200 0.281790
200 0.291462
200 0.304417
200 0.282431
200 0.309338
200 0.320769
200 0.393791
200 0.314348
200 0.314263
200 0.289543
200 0.288520
200 0.299100
200 0.294455
200 0.285032
200 0.292854
200 0.309257
200 0.286130
200 0.316998
200 0.287189
200 0.284623
200 0.291754
200 0.356557
200 0.288588
200 0.290194
200 0.291917
200 0.280945
200 0.282186
200 0.294685
200 0.284454
200 0.290004
200 0.315449
200 0.285984
200 0.282875
200 0.289707
200 0.299257
200 0.285356
200 0.286446
200 0.287747
200 0.289325
200 0.299208
200 0.289822
200 0.292837
200 0.286395
200 0.307382
200 0.319579
200 0.286694
200 0.336034
200 0.308426
